0
0
0
0
0
0
0
0
0
0
0
0
0
0
0
0
0
0
0
0
0
0
0
0
0
0
0
0
0
0
0
0
0
0
0
0
0
0
0
0
0
0
0
0
0
0
0
0
0
0
0
0
0
0
0
0
0
0
0
0
0
0
0
0
0
0
0
0
0
0
0
0
0
0
0
0
0
0
0
0
0
0
0
0
0
0
0
0
0
0
0
0
0
0
0
0
0
0
0
0
0
0
0
0
0
0
0
0
0
0
0
0
0
0
0
0
0
0
0
0
0
0
0
0
0
0
0
0
0
0
0
0
0
0
0
0
0
0
0
0
0
0
0
0
0
0
0
0
0
0
0
0
0
0
0
0
0
0
0
0
0
0
0
0
0
0
0
0
0
0
0
0
0
0
0
0
0
0
0
0
0
0
0
0
0
0
0
0
0
0
0
0
0
0
0
0
0
0
0
0
0
0.0891095
0.133216
0.176693
0.218373
0.257071
0.291617
0.32089
0.343852
0.359579
0.367296
0.366404
0.356507
0.33743
0.309234
0.272228
0.226969
0.174254
0.115115
0.0507919
-0.0172881
-0.087546
-0.158287
-0.227746
-0.29413
-0.355669
-0.410664
-0.457538
-0.494878
-0.521485
-0.536405
-0.538966
-0.528805
-0.505879
-0.470477
-0.423219
-0.365048
-0.297204
-0.221201
-0.138791
-0.0519148
0.0373412
0.126804
0.21427
0.297564
0.374599
0.443431
0.502316
0.549754
0.584534
0.605765
0.612903
0.605765
0.584534
0.549754
0.502316
0.443431
0.374599
0.297564
0.21427
0.126804
0.0373412
-0.0519148
-0.138791
-0.221201
-0.297204
-0.365048
-0.423219
-0.470477
-0.505879
-0.528805
-0.538966
-0.536405
-0.521485
-0.494878
-0.457538
-0.410664
-0.355669
-0.29413
-0.227746
-0.158287
-0.087546
-0.0172881
0.0507919
0.115115
0.174254
0.226969
0.272228
0.309234
0.33743
0.356507
0.366404
0.367296
0.359579
0.343852
0.32089
0.291617
0.257071
0.218373
0.176693
0.133216
0
0
0
0
0
0
0
0
0
0
0
0
0
0
0
0
0
0
0
0
0
0
0
0
0
0
0
0
0
0
0
0
0
0
0
0
0
0
0
0
0
0
0
0
0
0
0
0
0
0
0
0
0
0
0
0
0
0
0
0
0
0
0
0
0
0
0
0
0
0
0
0
0
0
0
0
0
0
0
0
0
0
0
0
0
0
0
0
0
0
0
0
0
0
0
0
0
0
0
0
0
0
0
0
0
0
0
0
0
0
0
0
0
0
0
0
0
0
0
0
0
0
0
0
0
0
0
0
0
0
0
0
0
0
0
0
0
0
0
0
0
0
0
0
0
0
0
0
0
0
0
0
0
0
0
0
0
0
0
0
0
0
0
0
0
0
0
0
0
0
0
0
0
0
0
0
0
0
0
0
0
0
0
0
0
0
0
0
0
0
0
0
0
0
0
0
0
0
0
0
0
0
0
0
0
0
0
0
0
0
0
0
0
0
0
0
0
0
0
0
0
0
0
0
0
0
0
0
0
0
0
0
0
0
0
0
0
0
0
0
0
0
0
0
0
0
0
0
0
0
0
0
0
0
0
0
0
0
0
0
0
0
0
0
0
0
0
0
0
0
0
0
0
0
0
0
0.0187436
0.0280211
0.0371662
0.0459333
0.0540731
0.0613396
0.067497
0.0723268
0.0756349
0.0772581
0.0770706
0.0749888
0.070976
0.0650452
0.0572613
0.0477412
0.0366531
0.0242136
0.0106837
-0.00363644
-0.0184147
-0.0332946
-0.0479048
-0.0618682
-0.0748125
-0.0863803
-0.0962399
-0.104094
-0.109691
-0.112829
-0.113368
-0.11123
-0.106408
-0.0989614
-0.0890212
-0.0767852
-0.0625147
-0.0465281
-0.0291936
-0.0109199
0.00785445
0.0266723
0.0450702
0.0625905
0.0787942
0.0932726
0.105659
0.115637
0.122953
0.127418
0.12892
0.127418
0.122953
0.115637
0.105659
0.0932726
0.0787942
0.0625905
0.0450702
0.0266723
0.00785445
-0.0109199
-0.0291936
-0.0465281
-0.0625147
-0.0767852
-0.0890212
-0.0989614
-0.106408
-0.11123
-0.113368
-0.112829
-0.109691
-0.104094
-0.0962399
-0.0863803
-0.0748125
-0.0618682
-0.0479048
-0.0332946
-0.0184147
-0.00363644
0.0106837
0.0242136
0.0366531
0.0477412
0.0572613
0.0650452
0.070976
0.0749888
0.0770706
0.0772581
0.0756349
0.0723268
0.067497
0.0613396
0.0540731
0.0459333
0.0371662
0.0280211
0
0
0
0
0
0
0
0
0
0
0
0
0
0
0
0
0
0
0
0
0
0
0
0
0
0
0
0
0
0
0
0
0
0
0
0
0
0
0
0
0
0
0
0
0
0
0
0
0
0
0
0
0
0
0
0
0
0
0
0
0
0
0
0
0
0
0
0
0
0
0
0
0
0
0
0
0
0
0
0
0
0
0
0
0
0
0
0
0
0
0
0
0
0
0
0
0
0
0
0
0
0
0
0
0
0
0
0
0
0
0
0
0
0
0
0
0
0
0
0
0
0
0
0
0
0
0
0
0
0
0
0
0
0
0
0
0
0
0
0
0
0
0
0
0
0
0
0
0
0
0
0
0
0
0
0
0
0
0
0
0
0
0
0
0
0
0
0
0
0
0
0
0
0
0
0
0
0
0
0
0
0
0
0
0
0
0
0
0
0
0
0
0
0
0
0
0
0
0
0
0
0
0
0
0
0
0
0
0
0
0
0
0
0
0
0
0
0
0
0
0
0
0
0
0
0
0
0
0
0
0
0
0
0
0
0
0
0
0
0
0
0
0
0
0
0
0
0
0
0
0
0
0
0
0
0
0
0
0
0
0
0
0
0
0
0
0
0
0
0
0
0
0
0
0
0
0
0
0
0
0
0
0
0
0
0
0
0
0
0
0
0
0
0
0
0
0
0
0
0
0
0
0
0
0
0
0
0
0
0
0
0
0
0
0
0
0
0
0
0
0
0
0
0
0
0
0
0
0
0
0
0
0
0
0
0
0
0
0
0
0
0
0
0
0
0
0
0
0
0
0
0
0
0
0
0
0
0
0
0
0
0
0
0
0
0
0
0
0
0
0
0
0
0
0
0
-0.0132172
-0.0197594
-0.0262081
-0.0323903
-0.0381302
-0.0432542
-0.0475962
-0.051002
-0.0533347
-0.0544793
-0.0543471
-0.0528791
-0.0500494
-0.0458672
-0.0403783
-0.0336652
-0.0258463
-0.0170744
-0.00753373
0.00256427
0.0129853
0.023478
0.0337806
0.043627
0.0527547
0.0609119
0.0678645
0.073403
0.0773494
0.0795624
0.0799424
0.0784352
0.0750346
0.0697836
0.0627742
0.0541459
0.0440828
0.0328097
0.0205862
0.00770028
-0.00553864
-0.0188082
-0.0317817
-0.0441363
-0.0555625
-0.0657721
-0.0745062
-0.0815425
-0.0867012
-0.0898503
-0.0909091
-0.0898503
-0.0867012
-0.0815425
-0.0745062
-0.0657721
-0.0555625
-0.0441363
-0.0317817
-0.0188082
-0.00553864
0.00770028
0.0205862
0.0328097
0.0440828
0.0541459
0.0627742
0.0697836
0.0750346
0.0784352
0.0799424
0.0795624
0.0773494
0.073403
0.0678645
0.0609119
0.0527547
0.043627
0.0337806
0.023478
0.0129853
0.00256427
-0.00753373
-0.0170744
-0.0258463
-0.0336652
-0.0403783
-0.0458672
-0.0500494
-0.0528791
-0.0543471
-0.0544793
-0.0533347
-0.051002
-0.0475962
-0.0432542
-0.0381302
-0.0323903
-0.0262081
-0.0197594
0
0
0
0
0
0
0
0
0
0
0
0
0
0
0
0
0
0
0
0
0
0
0
0
0
0
0
0
0
0
0
0
0
0
0
0
0
0
0
0
0
0
0
0
0
0
0
0
0
0
0
0
0
0
0
0
0
0
0
0
0
0
0
0
0
0
0
0
0
0
0
0
0
0
0
0
0
0
0
0
0
0
0
0
0
0
0
0
0
0
0
0
0
0
0
0
0
0
0
0
0
0
0
0
0
0
0
0
0
0
0
0
0
0
0
0
0
0
0
0
0
0
0
0
0
0
0
0
0
0
0
0
0
0
0
0
0
0
0
0
0
0
0
0
0
0
0
0
0
0
0
0
0
0
0
0
0
0
0
0
0
0
0
0
0
0
0
0
0
0
0
0
0
0
0
0
0
0
0
0
0
0
0
0
0
0
0
0
0
0
0
0
0
0
0
0
0
0
0
0
0
0
0
0
0
0
0
0
0
0
0
0
0
0
0
0
0
0
0
0
0
0
0
0
0
0
0
0
0
0
0
0
0
0
0
0
0
0
0
0
0
0
0
0
0
0
0
0
0
0
0
0
0
0
0
0
0
0
0
0
0
0
0
0
0
0
0
0
0
0
0
0
0
0
0
0
0
0
0
0
0
0
0
0
0
0
0
0
0
0
0
0
0
0
0
0
0
0
0
0
0
0
0
0
0
0
0
0
0
0
0
0
0
0
0
0
0
0
0
0
0
0
0
0
0
0
0
0
0
0
0
0
0
0
0
0
0
0
0
0
0
0
0
0
0
0
0
0
0
0
0
0
0
0
0
0
0
0
0
0
0
0
0
0
0
0
0
0
0
0
0
0
0
0
0
0
0
0
0
0
0
0
0
0
0
0
0
0
0
0
0
0
0
0
0
0
0
0
0
0
0
0
0
0
0
0
0
0
0
0
0
0
0
0
0
0
0
0
0
0
0
0
0
0
0
0
0
0
0
0
0
0
0
0
0
0
0
0
0
0
0
0
0
0
0
0
0
0
0
0
0
0
0
0
0
0
0
0
0
0
0
0
0
0
0
0
0
0
0
0
0
0
0
0
0
0
0
0
0
0
0
0
0
0
0
0
0
0
0
0
0
0
0
0
0
0
0
0
0
0
0
0
0
0
0
0
0
0
0
0
0
0
0
0
0
0
0
0
0
0
0
0
0
0
0
0
0.010492
0.0156853
0.0208044
0.0257119
0.0302683
0.0343358
0.0377825
0.0404861
0.0423378
0.0432464
0.0431415
0.0419762
0.0397299
0.0364101
0.0320529
0.0267239
0.0205172
0.0135539
0.00598038
-0.00203555
-0.0103079
-0.0186372
-0.0268155
-0.0346317
-0.0418775
-0.0483528
-0.0538718
-0.0582684
-0.0614011
-0.0631578
-0.0634594
-0.062263
-0.0595636
-0.0553952
-0.049831
-0.0429818
-0.0349936
-0.0260448
-0.0163416
-0.00611259
0.00439665
0.0149303
0.0252288
0.035036
0.0441063
0.0522108
0.0591441
0.0647296
0.0688247
0.0713245
0.0721649
0.0713245
0.0688247
0.0647296
0.0591441
0.0522108
0.0441063
0.035036
0.0252288
0.0149303
0.00439665
-0.00611259
-0.0163416
-0.0260448
-0.0349936
-0.0429818
-0.049831
-0.0553952
-0.0595636
-0.062263
-0.0634594
-0.0631578
-0.0614011
-0.0582684
-0.0538718
-0.0483528
-0.0418775
-0.0346317
-0.0268155
-0.0186372
-0.0103079
-0.00203555
0.00598038
0.0135539
0.0205172
0.0267239
0.0320529
0.0364101
0.0397299
0.0419762
0.0431415
0.0432464
0.0423378
0.0404861
0.0377825
0.0343358
0.0302683
0.0257119
0.0208044
0.0156853
0
0
0
0
0
0
0
0
0
0
0
0
0
0
0
0
0
0
0
0
0
0
0
0
0
0
0
0
0
0
0
0
0
0
0
0
0
0
0
0
0
0
0
0
0
0
0
0
0
0
0
0
0
0
0
0
0
0
0
0
0
0
0
0
0
0
0
0
0
0
0
0
0
0
0
0
0
0
0
0
0
0
0
0
0
0
0
0
0
0
0
0
0
0
0
0
0
0
0
0
0
0
0
0
0
0
0
0
0
0
0
0
0
0
0
0
0
0
0
0
0
0
0
0
0
0
0
0
0
0
0
0
0
0
0
0
0
0
0
0
0
0
0
0
0
0
0
0
0
0
0
0
0
0
0
0
0
0
0
0
0
0
0
0
0
0
0
0
0
0
0
0
0
0
0
0
0
0
0
0
0
0
0
0
0
0
0
0
0
0
0
0
0
0
0
0
0
0
0
0
0
0
0
0
0
0
0
0
0
0
0
0
0
0
0
0
0
0
0
0
0
0
0
0
0
0
0
0
0
0
0
0
0
0
0
0
0
0
0
0
0
0
0
0
0
0
0
0
0
0
0
0
0
0
0
0
0
0
0
0
0
0
0
0
0
0
0
0
0
0
0
0
0
0
0
0
0
0
0
0
0
0
0
0
0
0
0
0
0
0
0
0
0
0
0
0
0
0
0
0
0
0
0
0
0
0
0
0
0
0
0
0
0
0
0
0
0
0
0
0
0
0
0
0
0
0
0
0
0
0
0
0
0
0
0
0
0
0
0
0
0
0
0
0
0
0
0
0
0
0
0
0
0
0
0
0
0
0
0
0
0
0
0
0
0
0
0
0
0
0
0
0
0
0
0
0
0
0
0
0
0
0
0
0
0
0
0
0
0
0
0
0
0
0
0
0
0
0
0
0
0
0
0
0
0
0
0
0
0
0
0
0
0
0
0
0
0
0
0
0
0
0
0
0
0
0
0
0
0
0
0
0
0
0
0
0
0
0
0
0
0
0
0
0
0
0
0
0
0
0
0
0
0
0
0
0
0
0
0
0
0
0
0
0
0
0
0
0
0
0
0
0
0
0
0
0
0
0
0
0
0
0
0
0
0
0
0
0
0
0
0
0
0
0
0
0
0
0
0
0
0
0
0
0
0
0
0
0
0
0
0
0
0
0
0
0
0
0
0
0
0
0
0
0
0
0
0
0
0
0
0
0
0
0
0
0
0
0
0
0
0
0
0
0
0
0
0
0
0
0
0
0
0
0
0
0
0
0
0
0
0
0
0
0
0
0
0
0
0
0
0
0
0
0
0
0
0
0
0
0
0
0
0
0
0
0
0
0
0
0
0
0
0
0
0
0
0
0
0
0
0
0
0
0
0
0
0
0
0
0
0
0
0
0
0
0
0
0
0
0
0
0
0
0
0
0
0
0
0
0
0
0
0
0
0
0
0
0
0
0
0
0
0
0
0
0
0
0
0
0
0
0
0
0
0
0
0
0
0
0
0
0
0
0
0
0
0
0
0
0
0
0
0
0
0
0
0
0
0
0
0
0
0
0
0
0
0
0
0
0
0
0
0
0
0
0
0
0
0
0
0
0
0
0
0
0
0
0
0
0
0
0
0
0
0
0
0
0
0
0
0
0
0
0
0
0
