0
0
0
0
0
0
0
0
0
0
0
0
0
0
0
0
0
0
0
-3.08036e-300
-3.93013e-220
-2.1433e-152
-4.87031e-97
-4.39528e-54
-1.41298e-23
-1.13041e-05
0.612903
-1.13041e-05
-1.41298e-23
-4.39528e-54
-4.87031e-97
-2.1433e-152
-3.93013e-220
-3.08036e-300
0
0
0
0
0
0
0
0
0
0
0
0
0
0
0
0
0
0
0
0
0
0
0
0
-6.47931e-301
-8.26674e-221
-4.50827e-153
-1.02444e-97
-9.24517e-55
-2.97209e-24
-2.37774e-06
0.12892
-2.37774e-06
-2.97209e-24
-9.24517e-55
-1.02444e-97
-4.50827e-153
-8.26674e-221
-6.47931e-301
0
0
0
0
0
0
0
0
0
0
0
0
0
0
0
0
0
0
0
0
0
0
0
0
0
0
0
0
0
0
0
0
0
0
4.56895e-301
5.82937e-221
3.17905e-153
7.22391e-98
6.51932e-55
2.0958e-24
1.67669e-06
-0.0909091
1.67669e-06
2.0958e-24
6.51932e-55
7.22391e-98
3.17905e-153
5.82937e-221
4.56895e-301
0
0
0
0
0
0
0
0
0
0
0
0
0
0
0
0
0
0
0
0
0
0
0
0
0
0
0
0
0
0
0
0
0
0
0
0
0
0
0
0
0
0
0
0
0
0
0
0
0
-3.6269e-301
-4.62744e-221
-2.52358e-153
-5.73444e-98
-5.17513e-55
-1.66368e-24
-1.33098e-06
0.0721649
-1.33098e-06
-1.66368e-24
-5.17513e-55
-5.73444e-98
-2.52358e-153
-4.62744e-221
-3.6269e-301
0
0
0
0
0
0
0
0
0
0
0
0
0
0
0
0
0
0
0
0
0
0
0
0
0
0
0
0
0
0
0
0
0
0
0
0
0
0
0
0
0
0
0
0
0
0
0
0
0
0
0
0
0
0
0
0
0
0
0
0
0
0
0
0
0
0
0
0
0
0
