0
0
0
0
0
0
0
0
0
0
0
0
0
0
0
0
0
0
0
0
0
0
0
0
0
0
0
0
0
0
0
0
0
0
0
0
0
0
0
0
0
0
0
0
0
0
0
0
0
0
0
0
0
0
0
0
0
0
0
0
0
0
0
0
0
0
0
0
0
0
0
0
0
0
0
0
0
0
0
0
0
0
0
0
0
0
0
0
0
0
0
0
0
0
0
0
0
0
0
0
0
0
0
0
0
0
0
0
0
0
0
0
0
0
0
0
0
0
0
0
0
0
0
0
0
0
0
0
0
0
0
0
0
0
0
0
0
0
0
0
0
0
0
0
0
0
0
0
0
0
0
0
0
0
0
0
0
0
0
0
0
0
0
0
0
0
0
0
0
0
0
0
0
0
0
0
0
0
0
0
0
0
0
0
0
0
0
0
0
0
0
0
0
0
0
0
0
0
0
0
0
0.0891095
0.133216
0.176693
0.218373
0.257071
0.291617
0.32089
0.343852
0.359579
0.367296
0.366404
0.356507
0.33743
0.309234
0.272228
0.226969
0.174254
0.115115
0.0507919
-0.0172881
-0.087546
-0.158287
-0.227746
-0.29413
-0.355669
-0.410664
-0.457538
-0.494878
-0.521485
-0.536405
-0.538966
-0.528805
-0.505879
-0.470477
-0.423219
-0.365048
-0.297204
-0.221201
-0.138791
-0.0519148
0.0373412
0.126804
0.21427
0.297564
0.374599
0.443431
0.502316
0.549754
0.584534
0.605765
0.612903
0.605765
0.584534
0.549754
0.502316
0.443431
0.374599
0.297564
0.21427
0.126804
0.0373412
-0.0519148
-0.138791
-0.221201
-0.297204
-0.365048
-0.423219
-0.470477
-0.505879
-0.528805
-0.538966
-0.536405
-0.521485
-0.494878
-0.457538
-0.410664
-0.355669
-0.29413
-0.227746
-0.158287
-0.087546
-0.0172881
0.0507919
0.115115
0.174254
0.226969
0.272228
0.309234
0.33743
0.356507
0.366404
0.367296
0.359579
0.343852
0.32089
0.291617
0.257071
0.218373
0.176693
0.133216
0
0
0
0
0
0
0
0
0
0
0
0
0
0
0
0
0
0
0
0
0
0
0
0
0
0
0
0
0
0
0
0
0
0
0
0
0
0
0
0
0
0
0
0
0
0
0
0
0
0
0
0
0
0
0
0
0
0
0
0
0
0
0
0
0
0
0
0
0
0
0
0
0
0
0
0
0
0
0
0
0
0
0
0
0
0
0
0
0
0
0
0
0
0
0
0
0
0
0
0
0
0
0
0
0
0
0
0
0
0
0
0
0
0
0
0
0
0
0
0
0
0
0
0
0
0
0
0
0
0
0
0
0
0
0
0
0
0
0
0
0
0
0
0
0
0
0
0
0
0
0
0
0
0
0
0
0
0
0
0
0
0
0
0
0
0
0
0
0
0
0
0
0
0
0
0
0
0
0
0
0
0
0
0
0
0
0
0
0
0
0
0
0
0
0
0
0
0
0
0
0
0
0
0
0
0
0
0
0
0
0
0
0
0
0
0
0
0
0
0
0
0
0
0
0
0
0
0
0
0
0
0
0
0
0
0
0
0
0
0
0
0
0
0
0
0
0
0
0
0
0
0
0
0
0
0
0
0
0
0
0
0
0
0
0
0
0
0
0
0
0
0
0
0
0
0
0.0187436
0.0280211
0.0371662
0.0459333
0.0540731
0.0613396
0.067497
0.0723268
0.0756349
0.0772581
0.0770706
0.0749888
0.070976
0.0650452
0.0572613
0.0477412
0.0366531
0.0242136
0.0106837
-0.00363644
-0.0184147
-0.0332946
-0.0479048
-0.0618682
-0.0748125
-0.0863803
-0.0962399
-0.104094
-0.109691
-0.112829
-0.113368
-0.11123
-0.106408
-0.0989614
-0.0890212
-0.0767852
-0.0625147
-0.0465281
-0.0291936
-0.0109199
0.00785445
0.0266723
0.0450702
0.0625905
0.0787942
0.0932726
0.105659
0.115637
0.122953
0.127418
0.12892
0.127418
0.122953
0.115637
0.105659
0.0932726
0.0787942
0.0625905
0.0450702
0.0266723
0.00785445
-0.0109199
-0.0291936
-0.0465281
-0.0625147
-0.0767852
-0.0890212
-0.0989614
-0.106408
-0.11123
-0.113368
-0.112829
-0.109691
-0.104094
-0.0962399
-0.0863803
-0.0748125
-0.0618682
-0.0479048
-0.0332946
-0.0184147
-0.00363644
0.0106837
0.0242136
0.0366531
0.0477412
0.0572613
0.0650452
0.070976
0.0749888
0.0770706
0.0772581
0.0756349
0.0723268
0.067497
0.0613396
0.0540731
0.0459333
0.0371662
0.0280211
0
0
0
0
0
0
0
0
0
0
0
0
0
0
0
0
0
0
0
0
0
0
0
0
0
0
0
0
0
0
0
0
0
0
0
0
0
0
0
0
0
0
0
0
0
0
0
0
0
0
0
0
0
0
0
0
0
0
0
0
0
0
0
0
0
0
0
0
0
0
0
0
0
0
0
0
0
0
0
0
0
0
0
0
0
0
0
0
0
0
0
0
0
0
0
0
0
0
0
0
0
0
0
0
0
0
0
0
0
0
0
0
0
0
0
0
0
0
0
0
0
0
0
0
0
0
0
0
0
0
0
0
0
0
0
0
0
0
0
0
0
0
0
0
0
0
0
0
0
0
0
0
0
0
0
0
0
0
0
0
0
0
0
0
0
0
0
0
0
0
0
0
0
0
0
0
0
0
0
0
0
0
0
0
0
0
0
0
0
0
0
0
0
0
0
0
0
0
0
0
0
0
0
0
0
0
0
0
0
0
0
0
0
0
0
0
0
0
0
0
0
0
0
0
0
0
0
0
0
0
0
0
0
0
0
0
0
0
0
0
0
0
0
0
0
0
0
0
0
0
0
0
0
0
0
0
0
0
0
0
0
0
0
0
0
0
0
0
0
0
0
0
0
0
0
0
0
0
0
0
0
0
0
0
0
0
0
0
0
0
0
0
0
0
0
0
0
0
0
0
0
0
0
0
0
0
0
0
0
0
0
0
0
0
0
0
0
0
0
0
0
0
0
0
0
0
0
0
0
0
0
0
0
0
0
0
0
0
0
0
0
0
0
0
0
0
0
0
0
0
0
0
0
0
0
0
0
0
0
0
0
0
0
0
0
0
0
0
0
0
0
0
0
0
0
0
0
0
0
0
0
0
0
0
0
0
0
0
0
0
0
0
0
0
0
0
0
0
0
0
0
0
0
0
0
0
0
0
0
0
0
0
0
0
0
0
0
0
0
0
0
0
0
0
0
